000000000 000000000 000000000 000000000 000000000 200010000 000000000 000000000 000000000 000000000
200010000 200010000 210010020 201010200 200112000 200010000 200211000 202010100 220010010 202010001
210010020 210010020 210010020 211010220 210112020 210010020 210211020 212010120 210010020 212010021
201010200 201010200 211210200 201010200 201112200 201010200 201211200 201010200 201210210 201210201
200112000 200112000 210112020 201112200 200112000 200112000 200112000 202112100 220112010 200112201
200211000 200211000 210211200 201211200 200211000 200211000 200211000 202211100 200211210 200211201
202010100 202010100 212010120 202010100 222110100 202010100 222011100 202010100 222010110 222010101
220010010 220010010 220010010 221010210 222110010 220010010 222011010 222010110 220010010 222010011
202010001 202010001 212010021 202010001 222110001 202010001 222011001 222010101 222010011 202010001
211010220 211010220 211010220 211010220 211110222 211010220 211211220 211010220 211010220 211210221
210112020 210112020 210112020 211112220 210112020 210112020 210112020 212112120 210112020 210112221
210211020 210211020 210211020 211211220 210211020 210211020 210211020 212211120 210211020 210211221
212010120 212010120 212010120 212010120 212112120 212010120 212211120 212010120 212010120 212012121
212010021 212010021 212010021 212010021 212112021 212010021 212211021 212012121 212010021 212010021
211210200 211210200 211210200 211210200 211210200 211210200 211210200 211210200 211210200 211210200
201112200 201112200 211112220 201112200 201112200 201112200 201112200 201112200 221112210 221112201
201211200 201211200 201211200 201211200 201211200 201211200 201211200 201211200 201211200 201211200
201210210 201210210 201210210 201210210 201210210 201210210 201210210 201210210 201210210 201210210
201210201 201210201 201210201 201210201 201210201 201210201 201210201 201210201 201210201 201210201
202112100 202112100 212112102 202112100 202112100 202112100 202112100 202112100 222112110 222112101
220112010 220112010 220112010 221112210 220112010 220112010 220112010 222112110 220112010 222112011
200112201 200112201 210112221 221112201 200112201 200112201 200112201 200112201 220112211 200112201
210211200 210211200 210211200 210211200 210211200 210211200 210211200 210211200 210211200 210211200
202211100 202211100 212211120 202211100 202211100 202211100 202211100 202211100 222211110 222211101
200211210 200211210 200211210 200211210 200211210 200211210 200211210 200211210 200211210 200211210
200211201 200211201 200211201 200211201 200211201 200211201 200211201 200211201 200211201 200211201
222110100 222110100 222110100 222110100 222110100 222110100 222110100 222110100 222110100 222110100
222011100 222011100 222011100 222011100 222011100 222011100 222011100 222011100 222011100 222011100
222010110 222010110 222010110 222010110 222010110 222010110 222010110 222010110 222010110 222010110
222010101 222010101 222010101 222010101 222010101 222010101 222010101 222010101 222010101 222010101
221010210 221010210 221010210 221010210 221112210 221010210 221211210 221010210 221010210 221210211
222110010 222110010 222110010 222110010 222110010 222110010 222110010 222110010 222110010 222110010
222011010 222011010 222011010 222011010 222011010 222011010 222011010 222011010 222011010 222011010
222010011 222010011 222010011 222010011 222010011 222010011 222010011 222010011 222010011 222010011
222110001 222110001 222110001 222110001 222110001 222110001 222110001 222110001 222110001 222110001
222011001 222011001 222011001 222011001 222011001 222011001 222011001 222011001 222011001 222011001
211110222 211110222 211110222 211110222 211110222 211110222 211110222 211110222 211110222 211110222
211211220 211211220 211211220 211211220 211211220 211211220 211211220 211211220 211211220 211211220
211210221 211210221 211210221 211210221 211210221 211210221 211210221 211210221 211210221 211210221
211112220 211112220 211112220 211112220 211112220 211112220 211112220 211112220 211112220 211112221
212112120 212112120 212112120 212112120 212112120 212112120 212112120 212112120 212112120 212112121
210112221 210112221 210112221 211112221 210112221 210112221 210112221 210112221 210112221 210112221
212211120 212211120 212211120 212211120 212211120 212211120 212211120 212211120 212211120 212211121
210211221 210211221 210211221 210211221 210211221 210211221 210211221 210211221 210211221 210211221
212012121 212012121 212012121 212012121 212112121 212012121 212012121 212012121 212012121 212012121
212112021 212112021 212112021 212112021 212112021 212112021 212112021 212112121 212112021 212112021
212211021 212211021 212211021 212211021 212211021 212211021 212211021 212211121 212211021 212211021
221112210 221112210 221112210 221112210 221112210 221112210 221112210 221112210 221112210 221112211
221112201 221112201 221112201 221112201 221112201 221112201 221112201 221112201 221112211 221112201
212112102 212112102 212112102 212112102 212112102 212112102 212112102 212112102 212112102 212112102
222112110 222112110 222112110 222112110 222112110 222112110 222112110 222112110 222112110 222112110
222112101 222112101 222112101 222112101 222112101 222112101 222112101 222112101 222112101 222112101
222112011 222112011 222112011 222112011 222112011 222112011 222112011 222112011 222112011 222112011
220112211 220112211 220112211 221112211 220112211 220112211 220112211 220112211 220112211 220112211
222211110 222211110 222211110 222211110 222211110 222211110 222211110 222211110 222211110 222211110
222211101 222211101 222211101 222211101 222211101 222211101 222211101 222211101 222211101 222211101
221211210 221211210 221211210 221211210 221211210 221211210 221211210 221211210 221211210 221211210
221210211 221210211 221210211 221210211 221210211 221210211 221210211 221210211 221210211 221210211
211112221 211112221 211112221 211112221 211112221 211112221 211112221 211112221 211112221 211112221
212112121 212112121 212112121 212112121 212112121 212112121 212112121 212112121 212112121 212112121
212211121 212211121 212211121 212211121 212211121 212211121 212211121 212211121 212211121 212211121
221112211 221112211 221112211 221112211 221112211 221112211 221112211 221112211 221112211 221112211
