022120121 022120121 022120121 022120121 022120121 022120121 022120121 022120121 022120121 022120121
022021121 022021121 022021121 022021121 022021121 022021121 022021121 022021121 022021121 022021121
202120211 202120211 202120211 202120211 202120211 202120211 202120211 202120211 202120211 202120211
200221211 200221211 200221211 200221211 200221211 200221211 200221211 200221211 200221211 200221211
211222001 211222001 211222001 211222001 211222001 211222001 211222001 211222001 211222001 211222001
201222101 201222101 201222101 201222101 201222101 201222101 201222101 201222101 201222101 201222101
201222011 201222011 201222011 201222011 201222011 201222011 201222011 201222011 201222011 201222011
221020121 221020121 221020121 221020121 221020121 221020121 221020121 221020121 221020121 221020121
220120121 220120121 220120121 220120121 220120121 220120121 220120121 220120121 220120121 220120121
220021121 220021121 220021121 220021121 220021121 220021121 220021121 220021121 220021121 220021121
121122212 121122212 121122212 121122212 121122212 121122212 121122212 121122212 121122212 121122212
121221212 121221212 121221212 121221212 121221212 121221212 121221212 121221212 121221212 121221212
112221122 112221122 112221122 112221122 112221122 112221122 112221122 112221122 112221122 112221122
122221112 122221112 122221112 122221112 122221112 122221112 122221112 122221112 122221112 122221112
211122221 211122221 211122221 211122221 211122221 211122221 211122221 211122221 211122221 211122221
221122211 221122211 221122211 221122211 221122211 221122211 221122211 221122211 221122211 221122211
212122121 212122121 212122121 212122121 212122121 212122121 212122121 212122121 212122121 212122121
212221121 212221121 212221121 212221121 212221121 212221121 212221121 212221121 212221121 212221121
001222211 001222211 001222211 001222211 001222211 001222211 001222211 001222211 001222211 001222211
222121001 222121001 222121001 222121001 222121001 222121001 222121001 222121001 222121001 222121001
222120101 222120101 222120101 222120101 222120101 222120101 222120101 222120101 222120101 222120101
222120011 222120011 222120011 222120011 222120011 222120011 222120011 222120011 222120011 222120011
212021201 212021201 212021201 212021201 212021201 212021201 212021201 212021201 212021201 212021201
222021101 222021101 222021101 222021101 222021101 222021101 222021101 222021101 222021101 222021101
222021011 222021011 222021011 222021011 222021011 222021011 222021011 222021011 222021011 222021011
112222100 112222100 112222100 112222100 112222100 112222100 112222100 112222100 112222100 112222100
102222110 102222110 102222110 102222110 102222110 102222110 102222110 102222110 102222110 102222110
102222101 102222101 102222101 102222101 102222101 102222101 102222101 102222101 102222101 102222101
212120102 212120102 212120102 212120102 212120102 212120102 212120102 212120102 212120102 212120102
212021102 212021102 212021102 212021102 212021102 212021102 212021102 212021102 212021102 212021102
212020112 212020112 212020112 212020112 212020112 212020112 212020112 212020112 212020112 212020112
222121100 222121100 222121100 222121100 222121100 222121100 222121100 222121100 222121100 222121100
222120110 222120110 222120110 222120110 222120110 222120110 222120110 222120110 222120110 222120110
222021110 222021110 222021110 222021110 222021110 222021110 222021110 222021110 222021110 222021110
202120112 202120112 202120112 202120112 202120112 202120112 202120112 202120112 202120112 202120112
202021112 202021112 202021112 202021112 202021112 202021112 202021112 202021112 202021112 202021112
122020121 122020121 122020121 122020121 122020121 122020121 122020121 122020121 122020121 122020121
100222112 100222112 100222112 100222112 100222112 100222112 100222112 100222112 100222112 100222112
102122012 102122012 102122012 102122012 102122012 102122012 102122012 102122012 102122012 102122012
102022112 102022112 102022112 102022112 102022112 102022112 102022112 102022112 102022112 102022112
211220201 211220201 211220201 211220201 211220201 211220201 211220201 211220201 211220201 211220201
212120201 212120201 212120201 212120201 212120201 212120201 212120201 212120201 212120201 212120201
210221201 210221201 210221201 210221201 210221201 210221201 210221201 210221201 210221201 210221201
210220211 210220211 210220211 210220211 210220211 210220211 210220211 210220211 210220211 210220211
121120220 121120220 121120220 121120220 121120220 121120220 121120220 121120220 121120220 121120220
121021220 121021220 121021220 121021220 121021220 121021220 121021220 121021220 121021220 121021220
121020221 121020221 121020221 121020221 121020221 121020221 121020221 121020221 121020221 121020221
211120202 211120202 211120202 211120202 211120202 211120202 211120202 211120202 211120202 211120202
211221200 211221200 211221200 211221200 211221200 211221200 211221200 211221200 211221200 211221200
211220210 211220210 211220210 211220210 211220210 211220210 211220210 211220210 211220210 211220210
201121202 201121202 201121202 201121202 201121202 201121202 201121202 201121202 201121202 201121202
201120212 201120212 201120212 201120212 201120212 201120212 201120212 201120212 201120212 201120212
211021202 211021202 211021202 211021202 211021202 211021202 211021202 211021202 211021202 211021202
201021212 201021212 201021212 201021212 201021212 201021212 201021212 201021212 201021212 201021212
201221210 201221210 201221210 201221210 201221210 201221210 201221210 201221210 201221210 201221210
201220211 201220211 201220211 201220211 201220211 201220211 201220211 201220211 201220211 201220211
101222201 101222201 101222201 101222201 101222201 101222201 101222201 101222201 101222201 101222201
011222201 011222201 011222201 011222201 011222201 011222201 011222201 011222201 011222201 011222201
110120222 110120222 110120222 110120222 110120222 110120222 110120222 110120222 110120222 110120222
101120222 101120222 101120222 101120222 101120222 101120222 101120222 101120222 101120222 101120222
100121222 100121222 100121222 100121222 100121222 100121222 100121222 100121222 100121222 100121222
102120212 102120212 102120212 102120212 102120212 102120212 102120212 102120212 102120212 102120212
110021222 110021222 110021222 110021222 110021222 110021222 110021222 110021222 110021222 110021222
101021222 101021222 101021222 101021222 101021222 101021222 101021222 101021222 101021222 101021222
102021212 102021212 102021212 102021212 102021212 102021212 102021212 102021212 102021212 102021212
110222102 110222102 110222102 110222102 110222102 110222102 110222102 110222102 110222102 110222102
101222102 101222102 101222102 101222102 101222102 101222102 101222102 101222102 101222102 101222102
112122002 112122002 112122002 112122002 112122002 112122002 112122002 112122002 112122002 112122002
112021202 112021202 112021202 112021202 112021202 112021202 112021202 112021202 112021202 112021202
112022102 112022102 112022102 112022102 112022102 112022102 112022102 112022102 112022102 112022102
112022012 112022012 112022012 112022012 112022012 112022012 112022012 112022012 112022012 112022012
121120022 121120022 121120022 121120022 121120022 121120022 121120022 121120022 121120022 121120022
121021022 121021022 121021022 121021022 121021022 121021022 121021022 121021022 121021022 121021022
121020122 121020122 121020122 121020122 121020122 121020122 121020122 121020122 121020122 121020122
200020112 200020112 200020112 200020112 200020112 200020112 200020112 200020112 200020112 200020112
201020012 201020012 201020012 201020012 201020012 201020012 201020012 201020012 201020012 201020012
201021002 201021002 201021002 201021002 201021002 201021002 201021002 201021002 201021002 201021002
200021102 200021102 200021102 200021102 200021102 200021102 200021102 200021102 200021102 200021102
200021012 200021012 200021012 200021012 200021012 200021012 200021012 200021012 200021012 200021012
201120002 201120002 201120002 201120002 201120002 201120002 201120002 201120002 201120002 201120002
200121002 200121002 200121002 200121002 200121002 200121002 200121002 200121002 200121002 200121002
200120102 200120102 200120102 200120102 200120102 200120102 200120102 200120102 200120102 200120102
200120012 200120012 200120012 200120012 200120012 200120012 200120012 200120012 200120012 200120012
211020002 211020002 211020002 211020002 211020002 211020002 211020002 211020002 211020002 211020002
210120002 210120002 210120002 210120002 210120002 210120002 210120002 210120002 210120002 210120002
210021002 210021002 210021002 210021002 210021002 210021002 210021002 210021002 210021002 210021002
210020102 210020102 210020102 210020102 210020102 210020102 210020102 210020102 210020102 210020102
210020012 210020012 210020012 210020012 210020012 210020012 210020012 210020012 210020012 210020012

222211110 222211110 222211110 222211110 222211110 222211110 222211110 222211110 222211110 222211110
222211101 222211101 222211101 222211101 222211101 222211101 222211101 222211101 222211101 222211101
221211210 221211210 221211210 221211210 221211210 221211210 221211210 221211210 221211210 221211210
221210211 221210211 221210211 221210211 221210211 221210211 221210211 221210211 221210211 221210211
211112221 211112221 211112221 211112221 211112221 211112221 211112221 211112221 211112221 211112221
212112121 212112121 212112121 212112121 212112121 212112121 212112121 212112121 212112121 212112121
212211121 212211121 212211121 212211121 212211121 212211121 212211121 212211121 212211121 212211121
221112211 221112211 221112211 221112211 221112211 221112211 221112211 221112211 221112211 221112211
212112102 212112102 212112102 212112102 212112102 212112102 212112102 212112102 212112102 212112102
222112110 222112110 222112110 222112110 222112110 222112110 222112110 222112110 222112110 222112110
222112101 222112101 222112101 222112101 222112101 222112101 222112101 222112101 222112101 222112101
222112011 222112011 222112011 222112011 222112011 222112011 222112011 222112011 222112011 222112011
210211221 210211221 210211221 210211221 210211221 210211221 210211221 210211221 210211221 210211221
222110010 222110010 222110010 222110010 222110010 222110010 222110010 222110010 222110010 222110010
222011010 222011010 222011010 222011010 222011010 222011010 222011010 222011010 222011010 222011010
222010011 222010011 222010011 222010011 222010011 222010011 222010011 222010011 222010011 222010011
222110001 222110001 222110001 222110001 222110001 222110001 222110001 222110001 222110001 222110001
222011001 222011001 222011001 222011001 222011001 222011001 222011001 222011001 222011001 222011001
211110222 211110222 211110222 211110222 211110222 211110222 211110222 211110222 211110222 211110222
211211220 211211220 211211220 211211220 211211220 211211220 211211220 211211220 211211220 211211220
211210221 211210221 211210221 211210221 211210221 211210221 211210221 211210221 211210221 211210221
200211210 200211210 200211210 200211210 200211210 200211210 200211210 200211210 200211210 200211210
200211201 200211201 200211201 200211201 200211201 200211201 200211201 200211201 200211201 200211201
222110100 222110100 222110100 222110100 222110100 222110100 222110100 222110100 222110100 222110100
222011100 222011100 222011100 222011100 222011100 222011100 222011100 222011100 222011100 222011100
222010110 222010110 222010110 222010110 222010110 222010110 222010110 222010110 222010110 222010110
222010101 222010101 222010101 222010101 222010101 222010101 222010101 222010101 222010101 222010101
210211200 210211200 210211200 210211200 210211200 210211200 210211200 210211200 210211200 210211200
201211200 201211200 201211200 201211200 201211200 201211200 201211200 201211200 201211200 201211200
201210210 201210210 201210210 201210210 201210210 201210210 201210210 201210210 201210210 201210210
201210201 201210201 201210201 201210201 201210201 201210201 201210201 201210201 201210201 201210201
211210200 211210200 211210200 211210200 211210200 211210200 211210200 211210200 211210200 211210200


211020002 210120002 210021002 210020102 210020012 201120002 200121002 200120102 200120012 201021002 200021102 200021012 201020012 200020112 112122002 112021202 112022102 112022012 121120022 121021022 121020122 110120222 101120222 100121222 102120212 110021222 101021222 102021212 110222102 101222102 100222112 102122012 102022112 211220201 212120201 210221201 210220211 121120220 121021220 121020221 211120202 211221200 211220210 201121202 201120212 211021202 201021212 201221210 201220211 101222201 011222201 001222211 222121001 222120101 222120011 212021201 222021101 222021011 112222100 102222110 102222101 212120102 212021102 212020112 222121100 222120110 222021110 202120112 202021112 122020121 022120121 022021121 202120211 200221211 211222001 201222101 201222011 221020121 220120121 220021121 121122212 121221212 112221122 122221112 211122221 221122211 212122121 212221121


211210200 201211200 201210210 201210201 210211200 200211210 200211201 222110100 222011100 222010110 222010101 222110010 222011010 222010011 222110001 222011001 211110222 211211220 211210221 210211221 212112102 222112110 222112101 222112011 222211110 222211101 221211210 221210211 211112221 212112121 212211121 221112211
