000000000 000000000 000000000 000000000 000000000 000020000 000000000 000000000 000000000 000000000
000020000 100020002 210020000 001020200 200120000 000020000 200021000 002020100 200020010 200020001
100020002 100020002 112020002 121020002 100120202 100020002 100021202 100220102 102020012 100020002
210020000 210020000 210020000 211020002 210120002 210020000 210021002 210020102 210020012 210020201
001020200 121020200 211020200 001020200 001120202 001020200 001021202 001020200 201020210 001022201
200120000 200120000 210120002 201120002 200120000 200120000 200121002 200120102 200120012 202120001
200021000 200021000 210021002 201021002 200121002 200021000 200021000 200021102 200021012 202021001
002020100 102220100 012020102 002020100 202120100 002020100 202021100 002020100 002020112 002020121
200020010 200020010 210020012 201020012 200120012 200020010 200021012 200020112 200020010 200020211
200020001 200020001 210020201 201022001 202120001 200020001 202021001 200020121 200020211 200020001
112020002 112020002 112020002 112020002 112122002 112020002 112021202 112022102 112022012 112020002
121020002 121020002 121020002 121020002 121120022 121020002 121021022 121020122 121020212 121020002
100120202 100120202 110120222 101120222 100120202 100120202 100121222 100120202 102120212 100120202
100021202 100021202 110021222 101021222 100121222 100021202 100021202 100021202 102021212 100021202
100220102 100220102 110222102 101222102 100220102 100220102 102221102 100220102 100222112 100220102
102020012 102020012 112022012 102020012 102122012 102020012 102021212 102022112 102020012 102020012
211020002 211020002 211020002 211020002 211020002 211020002 211020002 211020002 211020002 211020002
210120002 210120002 210120002 210120002 210120002 210120002 210120002 210120002 210120002 210120002
210021002 210021002 210021002 210021002 210021002 210021002 210021002 210021002 210021002 210021002
210020102 210020102 210020102 210020102 210020102 210020102 210020102 210020102 210020102 210020102
210020012 210020012 210020012 210020012 210020012 210020012 210020012 210020012 210020012 210020012
210020201 210020201 210020201 211220201 212120201 210020201 210221201 210020201 210220211 210020201
121020200 121020200 121020200 121020200 121120220 121020200 121021220 121020200 121020212 121020221
211020200 211020200 211020200 211020200 211120202 211020200 211221200 211020200 211220210 211220201
001120202 101120222 211120202 001120202 001120202 001120202 201121202 001120202 201120212 001120202
001021202 101021222 211021202 001021202 201121202 001021202 001021202 001021202 201021212 001021202
201020210 201020210 211220210 201020210 201120212 201020210 201221210 201020210 201020210 201220211
001022201 101222201 011222201 001022201 201122201 001022201 001022201 001022201 001222211 001022201
201120002 201120002 201120002 201120002 201120002 201120002 201120002 201120002 201120002 201120002
200121002 200121002 200121002 200121002 200121002 200121002 200121002 200121002 200121002 200121002
200120102 200120102 200120102 200120102 200120102 200120102 200120102 200120102 200120102 200120102
200120012 200120012 200120012 200120012 200120012 200120012 200120012 200120012 200120012 200120012
202120001 202120001 212120201 202120001 202120001 202120001 222121001 222120101 222120011 202120001
201021002 201021002 201021002 201021002 201021002 201021002 201021002 201021002 201021002 201021002
200021102 200021102 200021102 200021102 200021102 200021102 200021102 200021102 200021102 200021102
200021012 200021012 200021012 200021012 200021012 200021012 200021012 200021012 200021012 200021012
202021001 202021001 212021201 202021001 222121001 202021001 202021001 222021101 222021011 202021001
102220100 102220100 112222100 102220100 102220100 102220100 102221102 102220100 102222110 102222101
012020102 112022102 012020102 012020102 212120102 012020102 212021102 012020102 212020112 012020102
202120100 202120100 212120102 202120100 202120100 202120100 222121100 202120100 222120110 222120101
202021100 202021100 212021102 202021100 222121100 202021100 202021100 202021100 222021110 222021101
002020112 102022112 212020112 002020112 202120112 002020112 202021112 002020112 002020112 002020112
002020121 122020121 212020121 002020121 022120121 002020121 022021121 002020121 002020121 002020121
201020012 201020012 201020012 201020012 201020012 201020012 201020012 201020012 201020012 201020012
200020112 200020112 200020112 200020112 200020112 200020112 200020112 200020112 200020112 200020112
200020211 200020211 210220211 201220211 202120211 200020211 200221211 200020211 200020211 200020211
201022001 201022001 211222001 201022001 201122201 201022001 201022001 201222101 201222011 201022001
200020121 200020121 212020121 221020121 220120121 200020121 220021121 200020121 200020121 200020121
112122002 112122002 112122002 112122002 112122002 112122002 112122002 112122002 112122002 112122002
112021202 112021202 112021202 112021202 112021202 112021202 112021202 112021202 112021202 112021202
112022102 112022102 112022102 112022102 112022102 112022102 112022102 112022102 112022102 112022102
112022012 112022012 112022012 112022012 112022012 112022012 112022012 112022012 112022012 112022012
121120022 121120022 121120022 121120022 121120022 121120022 121120022 121120022 121120022 121120022
121021022 121021022 121021022 121021022 121021022 121021022 121021022 121021022 121021022 121021022
121020122 121020122 121020122 121020122 121020122 121020122 121020122 121020122 121020122 121020122
121020212 121020212 121020212 121020212 121122212 121020212 121221212 121020212 121020212 121020212
110120222 110120222 110120222 110120222 110120222 110120222 110120222 110120222 110120222 110120222
101120222 101120222 101120222 101120222 101120222 101120222 101120222 101120222 101120222 101120222
100121222 100121222 100121222 100121222 100121222 100121222 100121222 100121222 100121222 100121222
102120212 102120212 102120212 102120212 102120212 102120212 102120212 102120212 102120212 102120212
110021222 110021222 110021222 110021222 110021222 110021222 110021222 110021222 110021222 110021222
101021222 101021222 101021222 101021222 101021222 101021222 101021222 101021222 101021222 101021222
102021212 102021212 102021212 102021212 102021212 102021212 102021212 102021212 102021212 102021212
110222102 110222102 110222102 110222102 110222102 110222102 110222102 110222102 110222102 110222102
101222102 101222102 101222102 101222102 101222102 101222102 101222102 101222102 101222102 101222102
102221102 102221102 112221122 102221102 102221102 102221102 102221102 102221102 122221112 102221102
100222112 100222112 100222112 100222112 100222112 100222112 100222112 100222112 100222112 100222112
102122012 102122012 102122012 102122012 102122012 102122012 102122012 102122012 102122012 102122012
102022112 102022112 102022112 102022112 102022112 102022112 102022112 102022112 102022112 102022112
211220201 211220201 211220201 211220201 211220201 211220201 211220201 211220201 211220201 211220201
212120201 212120201 212120201 212120201 212120201 212120201 212120201 212120201 212120201 212120201
210221201 210221201 210221201 210221201 210221201 210221201 210221201 210221201 210221201 210221201
210220211 210220211 210220211 210220211 210220211 210220211 210220211 210220211 210220211 210220211
121120220 121120220 121120220 121120220 121120220 121120220 121120220 121120220 121120220 121120220
121021220 121021220 121021220 121021220 121021220 121021220 121021220 121021220 121021220 121021220
121020221 121020221 121020221 121020221 121020221 121020221 121020221 121020221 121020221 121020221
211120202 211120202 211120202 211120202 211120202 211120202 211120202 211120202 211120202 211120202
211221200 211221200 211221200 211221200 211221200 211221200 211221200 211221200 211221200 211221200
211220210 211220210 211220210 211220210 211220210 211220210 211220210 211220210 211220210 211220210
201121202 201121202 201121202 201121202 201121202 201121202 201121202 201121202 201121202 201121202
201120212 201120212 201120212 201120212 201120212 201120212 201120212 201120212 201120212 201120212
211021202 211021202 211021202 211021202 211021202 211021202 211021202 211021202 211021202 211021202
201021212 201021212 201021212 201021212 201021212 201021212 201021212 201021212 201021212 201021212
201221210 201221210 201221210 201221210 201221210 201221210 201221210 201221210 201221210 201221210
201220211 201220211 201220211 201220211 201220211 201220211 201220211 201220211 201220211 201220211
101222201 101222201 101222201 101222201 101222201 101222201 101222201 101222201 101222201 101222201
011222201 011222201 011222201 011222201 011222201 011222201 011222201 011222201 011222201 011222201
201122201 201122201 211122221 201122201 201122201 201122201 201122201 201122201 221122211 201122201
001222211 001222211 001222211 001222211 001222211 001222211 001222211 001222211 001222211 001222211
222121001 222121001 222121001 222121001 222121001 222121001 222121001 222121001 222121001 222121001
222120101 222120101 222120101 222120101 222120101 222120101 222120101 222120101 222120101 222120101
222120011 222120011 222120011 222120011 222120011 222120011 222120011 222120011 222120011 222120011
212021201 212021201 212021201 212021201 212021201 212021201 212021201 212021201 212021201 212021201
222021101 222021101 222021101 222021101 222021101 222021101 222021101 222021101 222021101 222021101
222021011 222021011 222021011 222021011 222021011 222021011 222021011 222021011 222021011 222021011
112222100 112222100 112222100 112222100 112222100 112222100 112222100 112222100 112222100 112222100
102222110 102222110 102222110 102222110 102222110 102222110 102222110 102222110 102222110 102222110
102222101 102222101 102222101 102222101 102222101 102222101 102222101 102222101 102222101 102222101
212120102 212120102 212120102 212120102 212120102 212120102 212120102 212120102 212120102 212120102
212021102 212021102 212021102 212021102 212021102 212021102 212021102 212021102 212021102 212021102
212020112 212020112 212020112 212020112 212020112 212020112 212020112 212020112 212020112 212020112
222121100 222121100 222121100 222121100 222121100 222121100 222121100 222121100 222121100 222121100
222120110 222120110 222120110 222120110 222120110 222120110 222120110 222120110 222120110 222120110
222021110 222021110 222021110 222021110 222021110 222021110 222021110 222021110 222021110 222021110
202120112 202120112 202120112 202120112 202120112 202120112 202120112 202120112 202120112 202120112
202021112 202021112 202021112 202021112 202021112 202021112 202021112 202021112 202021112 202021112
122020121 122020121 122020121 122020121 122020121 122020121 122020121 122020121 122020121 122020121
212020121 212020121 212020121 212020121 212122121 212020121 212221121 212020121 212020121 212020121
022120121 022120121 022120121 022120121 022120121 022120121 022120121 022120121 022120121 022120121
022021121 022021121 022021121 022021121 022021121 022021121 022021121 022021121 022021121 022021121
202120211 202120211 202120211 202120211 202120211 202120211 202120211 202120211 202120211 202120211
200221211 200221211 200221211 200221211 200221211 200221211 200221211 200221211 200221211 200221211
211222001 211222001 211222001 211222001 211222001 211222001 211222001 211222001 211222001 211222001
201222101 201222101 201222101 201222101 201222101 201222101 201222101 201222101 201222101 201222101
201222011 201222011 201222011 201222011 201222011 201222011 201222011 201222011 201222011 201222011
221020121 221020121 221020121 221020121 221020121 221020121 221020121 221020121 221020121 221020121
220120121 220120121 220120121 220120121 220120121 220120121 220120121 220120121 220120121 220120121
220021121 220021121 220021121 220021121 220021121 220021121 220021121 220021121 220021121 220021121
121122212 121122212 121122212 121122212 121122212 121122212 121122212 121122212 121122212 121122212
121221212 121221212 121221212 121221212 121221212 121221212 121221212 121221212 121221212 121221212
112221122 112221122 112221122 112221122 112221122 112221122 112221122 112221122 112221122 112221122
122221112 122221112 122221112 122221112 122221112 122221112 122221112 122221112 122221112 122221112
211122221 211122221 211122221 211122221 211122221 211122221 211122221 211122221 211122221 211122221
221122211 221122211 221122211 221122211 221122211 221122211 221122211 221122211 221122211 221122211
212122121 212122121 212122121 212122121 212122121 212122121 212122121 212122121 212122121 212122121
212221121 212221121 212221121 212221121 212221121 212221121 212221121 212221121 212221121 212221121
